0 0.035807 0.436275 0.069010 0.147059
0 0.159505 0.043137 0.032552 0.050980
0 0.196615 0.041176 0.028646 0.050980
0 0.236328 0.047059 0.029948 0.050980
0 0.199219 0.316667 0.054688 0.088235
0 0.504557 0.284314 0.058594 0.082353
0 0.119792 0.057843 0.033854 0.060784
0 0.147786 0.069608 0.029948 0.064706
0 0.467448 0.486275 0.080729 0.137255
0 0.889323 0.522549 0.091146 0.135294
0 0.847005 0.406863 0.063802 0.115686
0 0.802083 0.258824 0.054688 0.113725
0 0.764974 0.249020 0.050781 0.086275
0 0.587891 0.077451 0.029948 0.041176
0 0.361328 0.178431 0.042969 0.070588
0 0.274089 0.238235 0.050781 0.064706
