0 0.043056 0.489583 0.041667 0.070833
0 0.061806 0.384375 0.029167 0.056250
0 0.211806 0.307292 0.029167 0.056250
0 0.329861 0.292708 0.029167 0.056250
0 0.409028 0.296875 0.029167 0.056250
0 0.663194 0.282292 0.029167 0.056250
0 0.779861 0.298958 0.029167 0.056250
0 0.952083 0.234375 0.029167 0.056250
0 0.217361 0.570833 0.098611 0.200000
0 0.147222 0.517708 0.038889 0.114583
0 0.308333 0.381250 0.033333 0.066667
0 0.268056 0.366667 0.036111 0.070833
0 0.449306 0.448958 0.043056 0.089583
0 0.495139 0.381250 0.034722 0.070833
0 0.521528 0.311458 0.034722 0.068750
0 0.563194 0.325000 0.040278 0.087500
0 0.677083 0.432292 0.040278 0.089583
0 0.850694 0.546875 0.068056 0.139583
0 0.791667 0.517708 0.050000 0.127083
0 0.818056 0.383333 0.052778 0.091667
0 0.907639 0.338542 0.034722 0.077083
0 0.896528 0.257292 0.040278 0.068750
0 0.732639 0.242708 0.020833 0.043750
