0 0.078205 0.176068 0.087179 0.133333
0 0.432051 0.353846 0.087179 0.133333
0 0.291026 0.088889 0.087179 0.133333
0 0.585897 0.410256 0.087179 0.133333
0 0.751923 0.111966 0.060256 0.097436
0 0.850641 0.122222 0.060256 0.097436
0 0.612179 0.267521 0.060256 0.097436
0 0.964744 0.112821 0.044872 0.071795
0 0.121795 0.454701 0.117949 0.201709
0 0.211538 0.658120 0.087179 0.133333
0 0.375000 0.766667 0.167949 0.206838
0 0.884615 0.804274 0.220513 0.340171
1 0.687179 0.304274 0.069231 0.119658
1 0.819872 0.374359 0.088462 0.126496
1 0.935256 0.305983 0.067949 0.102564
